# Created by Octave 4.4.1, Mon May 27 11:50:23 2019 CEST <victor@rzvpn68.informatik.uni-hamburg.de>
# name: data
# type: matrix
# rows: 102
# columns: 3
 0 0 1
 -3.7096163516262139 -5.3521017167774607 1
 -1.4221069645305151 -2.4021886187117039 1
 -2.669721802210737 4.3039721528118164 1
 1.5554806646938319 4.9358968266844956 1
 -1.5952404534018889 6.2318653250374503 1
 -5.5534339666065859 -1.6775397507546581 1
 -5.5788651678854109 -0.3731455280708591 1
 2.9140877498178051 4.7552700956891449 1
 -1.9225821203256359 -5.9923296676453521 1
 4.5748502295256346 4.5903081375994974 1
 5.3202356006557583 -0.078204992558756459 1
 1.9823525776017801 -1.7050374045739309 1
 -1.671163796120871 2.0086347847384052 1
 2.3913785168467938 0.11597001341126401 1
 -0.039280636125134549 -2.4315242808604611 1
 1.2927536878488579 -1.8631760619636 1
 0.01739029366602907 0.86041586078142629 1
 -0.14443965609580189 -4.2489839681104282 1
 6.3827610967078989 1.8098423468041069 1
 2.3319743189161368 -4.2032114798700269 1
 -6.6919039423958413 1.807436628068825 1
 -2.672650657224823 -0.99824663017502857 1
 -5.1902043655873129 -2.5125116844248421 1
 5.7402996262950872 -0.7063116512298091 1
 2.730131049046495 -3.543864588701632 1
 -4.7533181703128689 2.1346370634911249 1
 2.0198958326398242 0.78373755569856307 1
 2.074861258481477 4.4226849153207226 1
 -5.0400566565208758 1.9892599184149871 1
 -1.586698884641583 -3.0089190747192291 1
 0.25810783734521792 6.2128734526974547 1
 3.822252480269793 0.4897106480454898 1
 3.4602483660199268 -2.6328415548811721 1
 2.719120906211888 -5.8499805718707467 1
 4.685913271177478 -4.6212920904508028 1
 -0.82815420491714065 6.4595286238630969 1
 -2.3973990232757978 -2.785237606748018 1
 3.4585318784122179 3.41366244450075 1
 -1.414282298215191 4.8046162335314602 1
 6 6 -1
 -6.8452697215661109 -8.0516122448115155 -1
 -6.1906236577085636 -5.0468135722710086 -1
 4.8814741719070396 -9.2087422323220558 -1
 -8.7295741614689071 -9.1131727979664632 -1
 7.4367409541520857 -4.7981230061620348 -1
 8.9854917505580474 0.47588537068908821 -1
 8.8576623581540765 3.9052891472360218 -1
 9.9612196502803911 3.1892651068472939 -1
 9.9682841184164772 -1.7433223152710491 -1
 8.6050412721406211 5.743904479001209 -1
 -8.3475406483229193 -7.1290273128358841 -1
 -6.844079894374441 8.7709135752607139 -1
 8.8994256206339344 3.159763984655942 -1
 -4.8219513222919277 7.2605409840349111 -1
 -7.6541214373475661 6.0796062125684642 -1
 5.8524092225567017 -4.7356968926483356 -1
 -5.8662294805083928 -9.5261110233531774 -1
 7.6776120910999914 4.5218114942169212 -1
 7.6118513243841477 6.3621951417914921 -1
 9.9920824761939073 0.94654454742077831 -1
 -3.2440668150375949 -7.0795132995743861 -1
 -8.1946192660158346 8.5721980010177496 -1
 8.2519253018649437 6.9812442154889496 -1
 1.2551237874750161 7.6425013956595764 -1
 -3.918902874829048 8.9278986047378126 -1
 -3.3271852634105179 -8.4798924983078159 -1
 -8.1048707201205534 -6.2617330188975808 -1
 -0.42222310472107522 9.2000983879906322 -1
 -5.9393643892710024 8.3765873915400704 -1
 9.8321826892266131 3.7007243731582702 -1
 -6.1681337552402802 8.1338539133749101 -1
 -8.721706161354259 2.7096446653763011 -1
 2.281063071732385 -6.8629949248135134 -1
 8.8907467555773536 -2.5670867624099989 -1
 -9.7674762663549206 0.84271858161690183 -1
 8.6790893437564662 -1.615209604946038 -1
 4.3757423008907601 8.9369152778450278 -1
 5.9264121478597636 -5.1927570758078474 -1
 1.9962761163273171 7.993322666206641 -1
 -6.912558488622337 -2.035986944989757 -1
 -8.0742581483574956 9.6743538303450762 -1
 5.9756668106436823 8.2956140540938144 -1
 -9.7984535209788213 7.0737637843336927 -1
 0.95350762059799976 -9.1507625149736089 -1
 1.7868086846848681 -9.9716429234099131 -1
 9.5045036508339464 -8.9208081973435913 -1
 7.9752921059654689 1.981579523796144 -1
 -7.011644050897897 -1.2981265197286049 -1
 7.4942495958478901 6.8331506527361157 -1
 -7.7285998822823494 7.9275445701471936 -1
 -7.1226340075290286 7.4774342915294696 -1
 -0.48315282642165691 7.8287837155514808 -1
 -7.1087796759337039 8.0664390101439913 -1
 8.022510951639191 4.5501625723527681 -1
 -9.7081650609246992 -7.6804697759668148 -1
 6.7746730571640548 -8.7916782263374067 -1
 5.1373346707357257 7.7919607170505181 -1
 0.075111383546174082 9.7231170449025939 -1
 -1.0058927198144509 -9.6628231047342297 -1
 -9.6452200798846253 9.6256954010981737 -1
 7.8620409732215677 -3.894945223789144 -1


